              precision    recall  f1-score   support

           0       0.32      0.97      0.48      4000
           1       0.40      0.19      0.26      4000
           2       0.07      0.09      0.07      4000
           3       0.02      0.00      0.00      4000
           4       0.11      0.19      0.14      4000
           5       0.01      0.00      0.01      4000
           6       0.00      0.00      0.00      4000
           7       0.00      0.01      0.01      4000
           8       0.44      0.21      0.29      4000
           9       0.37      0.04      0.07      4000

    accuracy                           0.17     40000
   macro avg       0.17      0.17      0.13     40000
weighted avg       0.17      0.17      0.13     40000
